16542
22339
2779
3446
20763
12577
12184
10527
11466
4147
27971
12308
6035
28945
2265
25331
22511
7248
1027
25294
3503
16407
29587
11767
12165
29466
12887
14568
24059
11300
7584
17261
9810
6243
20191
13320
29599
13983
22464
31208
25690
16769
23327
18575
12612
32757
19075
10745
17184
4384
7325
27719
28425
12232
13123
3383
29582
27021
16522
30498
1468
13131
26251
29048
6755
24475
20985
21184
5552
32351
29175
6016
28474
4694
19745
10569
22088
30979
17956
3559
2612
18832
27764
17440
14479
15047
24014
256
19987
31911
19937
13504
5085
20949
7343
8748
18468
13886
7390
10185
2566
13276
29580
17569
32722
12521
15081
11946
20042
31401
5454
17353
9344
864
20894
5397
7915
17619
11178
3886
27675
7209
3105
16236
27626
14340
4262
4177
20081
7259
9908
24530
25022
11335
25322
16764
21290
26799
20522
31958
20466
5860
7716
28673
18885
10464
21173
10477
27748
12129
17002
17398
15196
27204
5138
6051
12091
9540
10736
2862
27135
32106
26463
15692
8992
1130
13070
9782
19052
25167
20386
13704
30088
15173
10216
27468
6124
11160
17765
3000
9337
3402
14808
7063
15940
17901
26178
8846
25420
19043
30786
32414
21314
9253
14262
6454
27960
30761
11314
18688
30767
3390
31384
17578
202
23140
8334
11891
4
25527
501
11905
16678
24705
28728
19346
21154
382
19527
22089
11983
5707
2386
22762
8231
26371
168
5196
25400
18922
19928
10944
6452
20217
26205
8005
16315
11625
1678
19814
27675
3612
19195
31705
3975
5490
24929
31849
30054
1464
11785
20158
8110
14245
8570
26233
16788
30244
2895
12914
21934
19949
5044
13746
23664
14002
4679
32636
29403
22316
14680
22658
32584
31014
5036
2707
28319
2047
31472
19342
23948
12197
11579
9909
7530
10406
1674
10456
12268
32357
3730
30722
19245
17621
17963
3933
1491
3915
6444
14287
1849
17051
4250
7217
18023
6058
8387
8925
4675
26188
5542
13476
23476
8280
6064
10353
12635
12826
30070
1551
6617
19868
5264
1837
5695
20263
13735
17475
20753
14493
6779
25425
28336
8925
15874
8917
31344
21239
25194
6666
1630
3259
15286
16772
18349
18234
4234
7395
18064
7798
10324
60
29848
31492
8342
24396
26745
2082
10683
29220
28290
7014
26650
17211
6885
6647
6922
10570
130
17513
13340
19555
31429
6010
13381
28411
5459
23609
14026
10331
17172
17521
25176
12560
1564
445
26726
14886
27182
13832
26040
316
11328
30937
29470
23825
21133
11718
21312
26938
18891
12487
23842
23753
15293
28389
23278
10001
29701
23745
22854
19403
21223
23358
3724
6332
21601
19161
17387
23751
30260
10356
3532
2519
3796
21520
16250
12242
8378
29306
20110
13662
27225
18169
16161
489
10505
31300
18078
6643
23346
7258
31588
9169
884
2306
1517
11933
3981
28794
28446
32363
28632
25560
5311
20299
25357
18884
11515
2403
6862
14339
17113
3594
16425
32493
30873
31491
6032
3455
679
24627
2539
6939
13728
4721
21368
20903
26043
4691
28698
24688
18266
24943
30896
16666
25663
423
32580
9237
6991
30250
5646
2446
6078
25548
5003
25218
31176
1852
19078
20526
2772
27398
3096
13028
27555
15153
13943
1240
2138
25688
9161
22438
2538
16753
27478
21399
24917
9647
15328
11470
14510
29200
607
14142
12249
24549
5355
30272
5925
30801
14003
12398
1722
25039
25561
19225
30365
13398
21206
7078
6753
5030
6834
21850
13928
10067
11026
16189
11025
24599
30369
24700
19959
32767
24809
7766
11601
26940
27928
26481
26885
27684
32169
24092
18268
17764
18285
23523
23988
6464
27922
19681
30800
961
21889
28336
28677
10117
5996
2990
4884
569
13214
26863
7301
4051
19237
12011
29031
12012
13604
26701
26850
5324
32058
19572
27068
8889
15825
8122
11605
2939
9444
20080
30708
6804
2118
22149
31203
13914
11958
14158
24617
5251
31889
14556
24123
29748
16360
20153
30361
20645
20583
7889
8488
14956
23755
24920
20317
26760
32465
26221
16151
8187
16983
14930
30097
29156
17246
27804
24026
13322
27846
21856
25223
8779
5281
24460
29421
25128
13120
27395
6085
20035
21409
31855
19567
10249
26262
16527
9259
20548
18406
11096
11043
6286
5967
15050
27154
3172
988
8868
16776
21582
32744
15207
2702
23993
1543
29141
13517
16635
6459
6838
1
17932
2780
9552
16182
10777
22377
26017
31572
15730
28713
28718
7096
11788
4129
24969
5009
17699
15083
8149
23457
1402
15132
31309
32487
13455
13449
26791
2057
5432
25728
27542
5882
4978
3051
20094
1673
15680
6713
2932
10582
32329
13540
31645
23028
1189
19186
6108
19275
21511
964
23676
22194
24194
4075
2391
12015
5227
4012
24499
28885
21503
28437
29591
6660
22733
1868
15485
24478
7883
20356
1879
32352
26124
45
891
25634
28405
20618
26819
1673
7961
10482
10575
13940
28010
24576
10276
2545
22907
14180
13108
26701
6980
21333
29325
30390
11698
23486
1400
22293
19893
25421
7801
22641
17631
3286
4048
13444
18817
30657
7030
13552
4739
16922
7693
29309
21156
2573
28263
2142
19575
3034
24077
11884
31337
13251
21531
261
11677
32611
12151
21834
21054
6965
4871
28271
18911
4543
12936
32027
7557
8230
365
28003
29400
901
640
9730
24716
23948
20960
28810
17218
22294
22652
6341
21871
19558
20357
15083
30676
29865
11453
21081
8125
17276
26700
8594
30751
9281
6375
15306
18683
30022
21164
6062
23345
7162
19039
30824
20611
5434
17139
22241
30258
10088
14679
23528
17822
15150
16836
30489
32689
9778
19526
28502
5924
21292
10332
19770
30757
30525
10915
10481
15071
10013
16432
6941
9307
21494
11959
17823
28321
32018
23774
8440
1400
5784
30018
3801
12729
21957
25777
7774
13628
22912
603
2511
31494
20096
7943
30133
2660
6512
18280
28598
3411
7189
4109
20931
19240
25825
13880
30609
4071
25350
5228
4713
17834
23659
14721
12660
30382
20207
26385
14736
30681
30116
30296
20540
6827
23981
6560
15884
10066
28828
20894
9276
7075
3058
27404
19950
9552
27971
14944
541
16913
28351
17082
11835
9926
15518
29360
24521
15060
26842
26557
21769
27243
10092
14332
23141
26763
9667
18412
16385
28519
5617
1115
9917
18279
21949
9089
4120
4572
16148
16659
14223
1
10046
21297
20633
13890
